1524
1607
1265
1816
2487
1427
2105
2374
1397
1511
2940
2240
2555
2430
1801
2214
2504
2830
2011
2655
1314
1461
2325
1411
2988
2788
2069
2475
2724
1033
2959
1160
2122
2687
2077
1968
2275
1036
1954
1972
1857
2280
2495
2874
2895
1776
2146
2070
2327
1978
2877
1360
2807
1371
1033
1406
2579
2179
2693
2329
1385
2979
1327
1013
1769
2907
1607
2815
2194
1383
1721
1691
2339
2567
2234
1223
1280
2656
1882
1301
2390
2793
2603
2672
2409
2175
1900
2398
2294
2128
1361
2908
1030
2235
2463
2447
1515
1554
2922
2342
2211
2494
1758
1657
2655
2123
1345
1158
1289
1774
2828
1136
2205
1167
2692
1278
1238
2197
2897
1143
1535
2361
1822
2657
1513
2677
2435
2448
2840
1383
2953
1440
1603
1982
1412
1020
1046
1159
2890
1448
1804
2670
2294
1570
2967
2957
1507
2016
2726
1843
1245
2930
1387
2070
1694
1919
1497
1013
1302
2275
2649
2105
1753
2643
2196
2550
2521
1699
1439
2347
2786
2009
1510
1974
1088
1878
2300
2732
1285
1622
2601
2356
2400
2816
2359
2908
2704
2936
1191
2790
1113
2963
2283
2142
1738
1638
2628
1980
1416
2392
2430
2816
1576
2907
2652
2148
2260
1350
1755
1269
2127
2229
2152
1813
1819
1383
2145
1737
1455
2093
1117
1140
1667
1066
1258
2381
2443
1756
2585
1894
2170
1064
2555
1162
2169
2102
1772
1491
2594
2558
2816
2810
1750
1369
2216
1128
1190
2989
1864
1131
1911
1935
2848
2528
1245
2917
2774
2916
1270
2479
1059
2753
1847
1711
1023
2190
2588
1212
1473
2889
2626
1093
2395
1304
2990
1722
2693
1554
2704
1009
2321
1623
1408
1393
2012
1756
2378
2617
1454
2801
1990
2686
1101
2345
2258
1096
2726
1412
2729
1494
1660
1063
1630
1318
2334
1913
2051
1619
1030
1675
2538
2347
1740
2960
2895
1055
2041
1216
2335
1793
1860
1304
1487
1906
2315
1554
1198
1759
2233
2055
1346
1860
1544
2569
2120
1624
2905
1010
1751
1784
1484
2416
2862
1929
1536
2099
1941
1903
2423
1383
2377
2598
2475
2656
1768
2315
2105
2594
1961
2764
1543
2058
1819
2365
1388
1050
1606
1172
1057
2180
2530
1347
1615
1533
2089
2704
1298
1705
1732
1819
1200
2817
1511
1453
2216
1043
2449
2240
2684
1264
1330
1193
1840
1067
1393
2465
1012
1739
1589
1650
2925
2714
2941
2331
2788
2120
2623
2143
1546
2409
2570
1333
1720
1163
1732
1807
2929
2366
2521
1152
2069
2955
2833
1408
1731
1941
2178
1765
2044
1695
1062
1513
2818
1866
2654
2407
1669
2359
1112
2745
1730
2048
1873
2874
1132
2158
2281
2628
1388
2484
2589
1425
1581
2385
2736
2041
2755
2751
2150
1017
1906
2573
1008
1245
1224
2858
1960
1897
2986
2514
2197
1277
2227
1676
2178
1768
2145
1618
1385
1664
1300
1221
1125
1329
1848
2118
2800
2750
2130
2777
2406
2627
1587
2607
2657
2104
1066
1862
2764
1772
2514
1688
1256
2284
2348
1300
1891
1243
1768
1698
2523
1178
1300
2608
1469
2533
2049
2546
2777
1460
2007
1007
1158
1389
1123
2371
1978
2365
1443
2521
2089
1648
2086
1817
2667
2580
1079
2395
1032
2420
1818
2640
1405
2216
1703
2138
1575
1353
2670
1150
1414
1379
2216
1901
1738
1503
1858
1274
2931
2833
1136
2681
2826
1294
2344
1930
2542
2006
1591
2142
1491
2074
1915
2269
1744
2589
2252
2519
2022
1506
1501
2250
1195
1731
1259
1365
1841
2067
1188
2060
2968
2586
2352
2901
2232
2375
2726
2883
1491
2926
2731
2936
2771
1374
1734
1248
1486
1134
1872
2662
2747
1356
2138
1494
1854
1017
2829
2279
1032
2574
2318
1309
1789
2970
1730
2202
1931
1200
2483
1870
2615
1724
1525
2381
1745
2391
2754
2324
1074
2465
2917
1696
1810
2666
2229
1625
2107
2011
2790
2477
2491
2169
1001
2940
1081
2359
2839
1568
2166
2987
1663
2427
2504
1564
2682
2543
2155
2339
2510
2086
2944
2966
2668
1709
2135
1846
2730
2714
1670
1757
1940
1502
2017
2393
2553
2952
2525
1649
2178
2444
2796
2091
1875
2668
1995
2876
1837
1449
1605
2090
2339
2200
2769
2544
2842
2748
2515
1956
1647
1925
1749
1078
1507
2365
1777
1686
2588
2434
2792
2014
1673
1226
2797
1024
1281
2550
1914
2119
2807
2340
1573
2904
1138
1422
2722
2132
1827
1322
1611
2956
1298
1001
2791
1816
1397
2535
2303
1139
1529
2563
1796
2142
1183
1287
1011
2945
1845
1859
1831
2523
2591
2659
2397
1444
1353
2849
2710
2433
1950
1151
2452
2448
1548
2028
2236
2841
1195
1187
1995
1738
2849
2595
2447
2002
1246
1447
2652
2904
1091
1472
2806
1841
2111
2821
1789
1274
2990
1404
2887
2427
1460
1168
1678
2440
1071
1921
2768
1289
2919
2713
1619
2618
2830
2881
1390
2333
2079
1245
2044
2858
2091
2350
1890
2102
2226
2691
2322
1102
1101
1854
2899
1615
1790
2763
2553
2085
1846
2437
1309
2077
2763
2215
1812
1563
2308
1597
2521
1902
2826
1428
2636
1908
1475
1791
1883
2355
2470
2355
1190
1789
2306
2298
1132
2274
1302
1290
2703
1935
1653
2916
1529
2391
2350
2504
1575
1005
1919
2268
1470
2742
2316
2455
2236
2058
2430
2428
1321
2675
2808
2104
1203
2090
2267
1670
2720
1952
1786
1813
1626
1188
2331
2783
1084
1944
1239
1604
2276
2280
1863
2741
1363
2916
2803
1495
2526
1205
2695
1231
1734
2158
1383
2189
2542
2159
1958
1997
2778
2970
1464
1356
1186
2444
1520
1050
1877
1217
2912
1997
1150
2362
2636
1460
2321
2006
1725
2678
2303
1898
2562
2503
2644
1678
2023
1579
2746
2800
2905
1882
2175
2926
1488
1405
2861
1700
1670
2816
1799
1972
2784
1378
1304
1880
2792
2953
2950
2621
1195
1596
1979
2834
1132
1637
1816
1628
2729
1446
2230
1716
1438
2272
2266
1435
2434
2657
2250
1603
2278
2265
2987
1487