1001
1002
1005
1007
1008
1009
1010
1011
1012
1013
1014
1017
1018
1020
1023
1024
1030
1031
1032
1033
1033
1034
1036
1043
1046
1050
1051
1055
1057
1059
1062
1063
1064
1066
1067
1067
1071
1074
1078
1079
1081
1084
1088
1091
1093
1096
1101
1102
1102
1112
1113
1117
1123
1125
1128
1131
1132
1133
1134
1134
1136
1137
1138
1139
1140
1143
1150
1151
1151
1152
1158
1159
1159
1160
1162
1163
1167
1168
1172
1178
1183
1186
1187
1188
1189
1190
1191
1191
1193
1195
1196
1197
1198
1200
1201
1203
1205
1212
1216
1217
1221
1223
1224
1226
1231
1238
1239
1243
1245
1246
1247
1248
1246
1248
1256
1258
1259
1264
1265
1269
1270
1274
1275
1277
1278
1280
1281
1285
1287
1289
1290
1290
1294
1298
1299
1300
1301
1302
1301
1302
1303
1304
1305
1306
1309
1310
1314
1318
1321
1322
1327
1329
1330
1333
1345
1346
1347
1350
1353
1354
1356
1357
1360
1361
1363
1365
1369
1371
1374
1378
1379
1383
1384
1385
1386
1387
1385
1386
1387
1388
1389
1389
1390
1393
1394
1397
1398
1404
1405
1406
1406
1408
1409
1411
1412
1413
1414
1416
1422
1425
1427
1428
1435
1438
1439
1440
1443
1444
1446
1447
1448
1449
1453
1454
1455
1460
1461
1462
1461
1464
1469
1470
1472
1473
1475
1484
1486
1487
1488
1491
1492
1493
1494
1495
1495
1497
1501
1502
1503
1506
1507
1508
1510
1511
1512
1513
1514
1515
1520
1524
1525
1529
1530
1533
1535
1536
1543
1544
1546
1548
1554
1555
1556
1563
1564
1568
1570
1573
1575
1576
1576
1579
1581
1587
1589
1591
1596
1597
1603
1604
1604
1605
1606
1607
1608
1611
1615
1616
1618
1619
1620
1622
1623
1624
1625
1626
1628
1630
1637
1638
1647
1648
1649
1650
1653
1657
1660
1663
1664
1667
1669
1670
1671
1672
1673
1675
1676
1678
1679
1686
1688
1691
1694
1695
1696
1698
1699
1700
1703
1705
1709
1711
1716
1720
1721
1722
1724
1725
1730
1731
1731
1732
1732
1733
1734
1735
1737
1738
1739
1740
1739
1740
1744
1745
1749
1750
1751
1753
1755
1756
1757
1757
1758
1759
1765
1768
1769
1770
1769
1772
1773
1774
1776
1777
1784
1786
1789
1790
1791
1790
1791
1793
1796
1799
1801
1804
1807
1810
1812
1813
1814
1816
1817
1818
1817
1818
1819
1820
1821
1822
1827
1831
1837
1840
1841
1842
1843
1845
1846
1847
1847
1848
1854
1855
1857
1858
1859
1860
1861
1862
1863
1864
1866
1870
1872
1873
1875
1877
1878
1880
1882
1883
1883
1890
1891
1894
1897
1898
1900
1901
1902
1903
1906
1907
1908
1911
1913
1914
1915
1919
1920
1921
1925
1929
1930
1931
1935
1936
1940
1941
1942
1944
1950
1952
1954
1956
1958
1960
1961
1968
1972
1973
1974
1978
1979
1979
1980
1982
1990
1995
1996
1997
1998
2002
2006
2007
2007
2009
2011
2012
2012
2014
2016
2017
2022
2023
2028
2041
2042
2044
2045
2048
2049
2051
2055
2058
2059
2060
2067
2069
2070
2070
2071
2074
2077
2078
2079
2085
2086
2087
2089
2090
2090
2091
2091
2092
2093
2099
2102
2103
2104
2105
2105
2106
2107
2107
2111
2118
2119
2120
2121
2122
2123
2127
2128
2130
2132
2135
2138
2139
2142
2143
2144
2143
2145
2146
2146
2148
2150
2152
2155
2158
2159
2159
2166
2169
2170
2170
2175
2176
2178
2179
2180
2179
2180
2189
2190
2194
2196
2197
2198
2200
2202
2205
2211
2214
2215
2216
2217
2218
2219
2226
2227
2229
2230
2230
2232
2233
2234
2235
2236
2237
2240
2241
2250
2251
2252
2258
2260
2265
2266
2267
2268
2269
2272
2274
2275
2276
2276
2278
2279
2280
2281
2281
2283
2284
2294
2295
2298
2300
2303
2304
2306
2308
2315
2316
2316
2318
2321
2322
2322
2324
2325
2327
2329
2331
2332
2333
2334
2335
2339
2340
2341
2340
2342
2344
2345
2347
2348
2348
2350
2351
2352
2355
2356
2356
2359
2360
2361
2361
2362
2365
2366
2367
2366
2371
2374
2375
2377
2378
2381
2382
2385
2390
2391
2392
2392
2393
2395
2396
2397
2398
2400
2406
2407
2409
2410
2416
2420
2423
2427
2428
2428
2430
2431
2432
2433
2434
2435
2435
2437
2440
2443
2444
2445
2447
2448
2448
2449
2449
2452
2455
2463
2465
2466
2470
2475
2476
2477
2479
2483
2484
2487
2491
2494
2495
2503
2504
2505
2506
2510
2514
2515
2515
2519
2521
2522
2523
2524
2523
2524
2525
2526
2528
2530
2533
2535
2538
2542
2543
2543
2544
2546
2550
2551
2553
2554
2555
2556
2558
2562
2563
2567
2569
2570
2573
2574
2579
2580
2585
2586
2588
2589
2589
2590
2591
2594
2595
2595
2598
2601
2603
2607
2608
2615
2617
2618
2621
2623
2626
2627
2628
2629
2636
2637
2640
2643
2644
2649
2652
2653
2654
2655
2656
2656
2657
2657
2658
2659
2659
2662
2666
2667
2668
2669
2670
2671
2672
2675
2677
2678
2681
2682
2684
2686
2687
2691
2692
2693
2694
2695
2703
2704
2705
2706
2710
2713
2714
2715
2720
2722
2724
2726
2727
2728
2729
2730
2730
2731
2732
2736
2741
2742
2745
2746
2747
2748
2750
2751
2753
2754
2755
2763
2764
2764
2765
2768
2769
2771
2774
2777
2778
2778
2783
2784
2786
2788
2789
2790
2791
2791
2792
2793
2793
2796
2797
2800
2801
2801
2803
2806
2807
2808
2808
2810
2815
2816
2817
2818
2819
2817
2818
2821
2826
2827
2828
2829
2830
2831
2833
2834
2834
2839
2840
2841
2842
2848
2849
2850
2858
2859
2861
2862
2874
2875
2876
2877
2881
2883
2887
2889
2890
2895
2896
2897
2899
2901
2904
2905
2905
2906
2907
2908
2908
2909
2912
2916
2917
2918
2917
2918
2919
2922
2925
2926
2927
2929
2930
2931
2936
2937
2940
2941
2941
2944
2945
2950
2952
2953
2954
2955
2956
2957
2959
2960
2963
2966
2967
2968
2970
2971
2979
2986
2987
2988
2988
2989
2990
2991
