1001
2002
1005
2006
2007
1007
1008
2009
1009
1010
2011
1011
2012
1012
1013
2014
2016
1017
2017
1020
2022
1023
2023
1024
2028
1030
1032
1033
1036
2041
1043
2044
1046
2048
2049
1050
2051
1055
2055
1057
2058
1059
2060
1062
1063
1064
1066
1067
2067
2069
2070
1071
2074
1074
2077
1078
1079
2079
1081
1084
2085
2086
1088
2089
2090
2091
1091
2091
2093
1093
1096
2099
1101
2102
1102
2104
2105
2107
2111
1112
1113
1117
2118
2119
2120
2122
2123
1123
1125
2127
2128
1128
2130
1131
1132
2132
1132
1134
2135
1136
2138
1138
1139
1140
2142
1143
2143
2145
2146
2148
2150
1150
1151
2152
1152
2155
1158
2158
1158
2158
1159
2159
1160
1162
1163
2166
1167
1168
2169
2170
1172
2175
2178
1178
2178
2179
2180
1183
1186
1187
1188
2189
1190
2190
1190
1191
1193
2194
1195
2196
2197
1198
1200
2200
2202
1203
2205
1205
2211
1212
2214
2215
2216
1216
2216
1217
1221
1223
1224
1226
2226
2227
2229
2230
1231
2232
2233
2234
2235
2236
1238
1239
2240
1243
1245
1246
1248
2250
2252
1256
1258
2258
1259
2260
1264
1265
2265
2266
2267
2268
1269
2269
1270
2272
1274
2274
2275
2276
1277
1278
2278
2279
2280
1280
2280
2281
1281
2283
2284
1285
1287
1289
1290
2294
1294
1298
2298
2300
1300
1301
1302
2303
1304
2306
2308
1309
1314
2315
2316
1318
2318
2321
1321
2321
1322
2322
2324
2325
2327
1327
2329
1329
1330
2331
1333
2333
2334
2335
2339
2340
2342
2344
1345
2345
1346
2347
1347
2348
1350
2350
2352
1353
2355
2356
1356
2359
1360
1361
2361
2362
1363
2365
1365
2365
2366
1369
1371
2371
2374
1374
2375
2377
2378
1378
1379
2381
1383
1385
2385
1385
1387
1388
1389
2390
1390
2391
2392
1393
2393
2395
1397
2397
2398
2400
1404
1405
1406
2406
2407
1408
2409
1411
1412
1414
1416
2416
2420
1422
2423
1425
1427
2427
1428
2428
2430
2433
2434
2435
1435
2437
1438
1439
1440
2440
2443
1443
2444
1444
2444
1446
2447
1447
2448
1448
2448
2449
1449
2452
1453
1454
1455
2455
1460
1461
2463
1464
2465
1469
2470
1470
1472
1473
2475
1475
2477
2479
2483
1484
2484
1486
2487
1487
1488
1491
2491
2494
1494
2495
1495
1497
1501
1502
1503
2503
2504
1506
1507
1510
2510
1511
1513
2514
1515
2515
2519
1520
2521
2523
1524
1525
2525
2526
2528
1529
2530
1533
2533
1535
2535
1536
2538
2542
1543
2543
1544
2544
1546
2546
1548
2550
2553
1554
2555
2558
2562
2563
1563
1564
2567
1568
2569
1570
2570
2573
1573
2574
1575
1576
2579
1579
2580
1581
2585
2586
1587
2588
1589
2589
1591
2591
2594
2595
1596
1597
2598
2601
2603
1603
1604
1605
1606
1607
2607
2608
1611
1615
2615
1615
2617
1618
2618
1619
2621
1622
1623
2623
1624
1625
2626
1626
2627
2628
1628
1630
2636
1637
1638
2640
2643
2644
1647
1648
2649
1649
1650
2652
1653
2654
2655
2656
1657
2657
2659
1660
2662
1663
1664
2666
1667
2667
2668
1669
2670
1670
2672
1673
1675
2675
1676
2677
1678
2678
1678
2681
2682
2684
2686
1686
2687
1688
1691
2691
2692
2693
1694
1695
2695
1696
1698
1699
1700
1703
2703
2704
1705
1709
2710
1711
2713
2714
1716
1720
2720
1721
1722
2722
2724
1724
1725
2726
2729
1730
2730
1731
2731
2732
1732
1734
2736
1737
1738
1739
1740
2741
2742
1744
2745
1745
2746
2747
2748
1749
1750
2750
1751
2751
1753
2753
2754
1755
2755
1756
1757
1758
1759
2763
2764
1765
1768
2768
1769
2769
2771
1772
1774
2774
1776
2777
1777
2778
2783
1784
2784
2786
1786
2788
1789
2790
1790
2791
1791
2792
2793
1793
2796
1796
2797
1799
2800
1801
2801
2803
1804
2806
2807
1807
2807
2808
2810
1810
1812
1813
2815
1816
2816
1816
2816
1816
2817
1817
2818
1818
1819
2821
1822
2826
1827
2828
2829
2830
1831
2833
2834
1837
2839
2840
1840
1841
2841
1841
2842
1843
1845
1846
1847
2848
1848
2849
1854
1857
2858
1858
2858
1859
1860
2861
2862
1862
1863
1864
1866
1870
1872
1873
2874
1875
2876
2877
1877
1878
1880
2881
1882
2883
1883
2887
2889
2890
1890
1891
1894
2895
2897
1897
1898
2899
1900
1901
2901
1902
1903
2904
2905
1906
2907
2908
1908
1911
2912
1913
1914
1915
2916
2917
1919
2919
1919
1921
2922
2925
1925
2926
1929
2929
2930
1930
2931
1931
1935
2936
2940
1940
1941
2941
1941
2944
1944
2945
1950
2950
2952
1952
2953
1954
2955
1956
2956
2957
1958
2959
2960
1960
1961
2963
2966
2967
1968
2968
2970
1972
1974
1978
2979
1979
1980
1982
2986
2987
2988
2989
2990
1990
2990
1995
1997
